0.298636 0 0.0285766 5.3 0 0 3.92864 3.92864 0 0 0 0
0.0100765 0 0.299831 85.4006 0 0 -13.5562 -13.5562 0 0 0 0
-0.295788 0 -0.0500947 183.857 0 0 3.44809 3.44809 0 0 0 0
0.0923908 0 -0.285419 279.205 0 0 14.7659 14.7659 0 0 0 0
0.299977 0 -0.00372791 348.388 0 0 -14.8518 -14.8518 0 0 0 0
0.292606 0 0.0661935 361.435 0 0 -10.5256 -10.5256 0 0 0 0
0.292606 0 0.0661935 361.435 0 0 -10.5256 -10.5256 0 0 -52.5998 0
0.292606 0 0.0661935 361.435 0 0 -10.5256 -10.5256 0 0 -52.5998 -42.9999
0.292606 0 0.0661935 361.435 35.1 0 -10.5256 -10.5256 0 0 -52.5998 -42.9999
0.292606 -0.062 0.0661935 361.435 35.1 0 -10.5256 -10.5256 16.8 -19.8 -44.4999 -26.5001
0.292606 -0.096 0.0661935 361.435 35.1 0 -10.5256 -10.5256 16.8 -19.8 -58.5997 -26.5001
0.292606 -0.096 0.0661935 361.435 21.7 0 -10.5256 -10.5256 16.8 -29.7001 -71.0995 -18.6
0.292606 -0.173 0.0661935 361.435 21.7 0 -10.5256 -10.5256 16.8 -29.7001 -71.0995 -18.6
0.292606 -0.103 0.0661935 361.435 21.7 0 -10.5256 -10.5256 16.8 -29.7001 -44.2999 -38.2
0.292606 -0.103 0.0661935 361.435 21.7 0 -10.5256 -10.5256 16.8 36.8 -44.2999 -38.2
0.292606 -0.103 0.0661935 361.435 40.6 0 -10.5256 -10.5256 16.8 36.8 -44.2999 -38.2
0.292606 -0.103 0.0661935 361.435 40.6 0 -10.5256 -10.5256 16.8 28.7001 -44.2999 -38.2
0.292606 -0.103 0.0661935 361.435 40.6 0 -10.5256 -10.5256 92.6992 28.7001 -44.2999 -38.2
